frequency	raw
20	-4.1
20.2	-4.1
20.4	-4.1
20.61	-4.1
20.81	-4.1
21.02	-4.1
21.23	-4.1
21.44	-4.1
21.66	-4.1
21.87	-4.1
22.09	-4.1
22.31	-4.1
22.54	-4.1
22.76	-4.1
22.99	-4.1
23.22	-4.1
23.45	-4.1
23.69	-4.1
23.92	-4.1
24.16	-4.1
24.4	-4.1
24.65	-4.1
24.89	-4.1
25.14	-4.1
25.39	-4.1
25.65	-4.1
25.91	-4.1
26.16	-4.1
26.43	-4.1
26.69	-4.1
26.96	-4.1
27.23	-4.1
27.5	-4.1
27.77	-4.1
28.05	-4.1
28.33	-4.1
28.62	-4.1
28.9	-4.1
29.19	-4.1
29.48	-4.1
29.78	-4.1
30.08	-4.1
30.38	-4.1
30.68	-4.1
30.99	-4.1
31.3	-4.1
31.61	-4.1
31.93	-4.1
32.24	-4.1
32.57	-4.1
32.89	-4.1
33.22	-4.1
33.55	-4.1
33.89	-4.1
34.23	-4.1
34.57	-4.1
34.92	-4.1
35.27	-4.1
35.62	-4.1
35.97	-4.1
36.33	-4.1
36.7	-4.1
37.06	-4.1
37.43	-4.1
37.81	-4.1
38.19	-4.1
38.57	-4.1
38.95	-4.1
39.34	-4.1
39.74	-4.1
40.14	-4.1
40.54	-4.1
40.94	-4.1
41.35	-4.1
41.76	-4.1
42.18	-4.1
42.6	-4.1
43.03	-4.1
43.46	-4.1
43.9	-4.1
44.33	-4.1
44.78	-4.1
45.23	-4.1
45.68	-4.1
46.13	-4.1
46.6	-4.1
47.06	-4.1
47.53	-4.1
48.01	-4.1
48.49	-4.1
48.97	-4.1
49.46	-4.1
49.96	-4.1
50.46	-4.1
50.96	-4.1
51.47	-4.1
51.99	-4.1
52.51	-4.1
53.03	-4.1
53.56	-4.1
54.1	-4.1
54.64	-4.1
55.18	-4.1
55.74	-4.1
56.29	-4.1
56.86	-4.1
57.42	-4.1
58	-4.1
58.58	-4.1
59.16	-4.1
59.76	-4.1
60.35	-4.1
60.96	-4.1
61.57	-4.1
62.18	-4.1
62.8	-4.1
63.43	-4.1
64.07	-4.1
64.71	-4.1
65.35	-4.1
66.01	-4.1
66.67	-4.1
67.33	-4.1
68.01	-4.1
68.69	-4.1
69.37	-4.1
70.07	-4.1
70.77	-4.1
71.48	-4.1
72.19	-4.1
72.91	-4.1
73.64	-4.1
74.38	-4.1
75.12	-4.1
75.87	-4.1
76.63	-4.1
77.4	-4.1
78.17	-4.1
78.95	-4.1
79.74	-4.1
80.54	-4.1
81.35	-4.1
82.16	-4.1
82.98	-4.1
83.81	-4.1
84.65	-4.1
85.5	-4.1
86.35	-4.1
87.22	-4.1
88.09	-4.1
88.97	-4.1
89.86	-4.1
90.76	-4.1
91.66	-4.1
92.58	-4.1
93.51	-4.1
94.44	-4.1
95.39	-4.1
96.34	-4.1
97.3	-4.1
98.28	-4.1
99.26	-4.1
100.25	-4.1
101.25	-4.09
102.27	-4.08
103.29	-4.07
104.32	-4.07
105.37	-4.06
106.42	-4.05
107.48	-4.04
108.56	-4.03
109.64	-4.02
110.74	-4.01
111.85	-4
112.97	-3.99
114.1	-3.99
115.24	-3.98
116.39	-3.97
117.55	-3.96
118.73	-3.95
119.92	-3.94
121.12	-3.93
122.33	-3.92
123.55	-3.91
124.79	-3.91
126.03	-3.9
127.29	-3.89
128.57	-3.88
129.85	-3.87
131.15	-3.86
132.46	-3.86
133.79	-3.85
135.12	-3.84
136.48	-3.83
137.84	-3.82
139.22	-3.82
140.61	-3.81
142.02	-3.8
143.44	-3.79
144.87	-3.78
146.32	-3.78
147.78	-3.77
149.26	-3.76
150.75	-3.75
152.26	-3.74
153.78	-3.74
155.32	-3.73
156.88	-3.72
158.44	-3.71
160.03	-3.7
161.63	-3.69
163.24	-3.69
164.88	-3.68
166.53	-3.67
168.19	-3.66
169.87	-3.65
171.57	-3.64
173.29	-3.63
175.02	-3.62
176.77	-3.61
178.54	-3.61
180.32	-3.6
182.13	-3.59
183.95	-3.58
185.79	-3.57
187.65	-3.56
189.52	-3.55
191.42	-3.54
193.33	-3.53
195.27	-3.52
197.22	-3.52
199.19	-3.51
201.18	-3.5
203.19	-3.49
205.23	-3.48
207.28	-3.47
209.35	-3.46
211.44	-3.45
213.56	-3.44
215.69	-3.44
217.85	-3.43
220.03	-3.42
222.23	-3.41
224.45	-3.4
226.7	-3.39
228.96	-3.38
231.25	-3.37
233.57	-3.36
235.9	-3.36
238.26	-3.35
240.64	-3.34
243.05	-3.33
245.48	-3.32
247.93	-3.31
250.41	-3.3
252.92	-3.29
255.45	-3.28
258	-3.26
260.58	-3.25
263.19	-3.24
265.82	-3.22
268.48	-3.21
271.16	-3.2
273.87	-3.19
276.61	-3.17
279.38	-3.16
282.17	-3.15
284.99	-3.13
287.84	-3.12
290.72	-3.11
293.63	-3.09
296.57	-3.08
299.53	-3.07
302.53	-3.06
305.55	-3.04
308.61	-3.03
311.69	-3.02
314.81	-3
317.96	-2.99
321.14	-2.97
324.35	-2.95
327.59	-2.94
330.87	-2.92
334.18	-2.9
337.52	-2.89
340.9	-2.87
344.3	-2.85
347.75	-2.84
351.23	-2.82
354.74	-2.8
358.28	-2.79
361.87	-2.77
365.49	-2.75
369.14	-2.74
372.83	-2.72
376.56	-2.7
380.33	-2.69
384.13	-2.67
387.97	-2.65
391.85	-2.64
395.77	-2.62
399.73	-2.6
403.72	-2.58
407.76	-2.55
411.84	-2.53
415.96	-2.5
420.12	-2.47
424.32	-2.44
428.56	-2.42
432.85	-2.39
437.18	-2.36
441.55	-2.34
445.96	-2.31
450.42	-2.28
454.93	-2.26
459.48	-2.23
464.07	-2.2
468.71	-2.18
473.4	-2.15
478.13	-2.12
482.91	-2.1
487.74	-2.07
492.62	-2.04
497.55	-2.02
502.52	-1.99
507.55	-1.96
512.62	-1.93
517.75	-1.9
522.93	-1.87
528.16	-1.84
533.44	-1.81
538.77	-1.78
544.16	-1.75
549.6	-1.72
555.1	-1.69
560.65	-1.66
566.25	-1.63
571.92	-1.6
577.64	-1.57
583.41	-1.54
589.25	-1.51
595.14	-1.48
601.09	-1.45
607.1	-1.42
613.17	-1.39
619.3	-1.36
625.5	-1.33
631.75	-1.3
638.07	-1.28
644.45	-1.26
650.89	-1.24
657.4	-1.21
663.98	-1.19
670.62	-1.17
677.32	-1.15
684.1	-1.13
690.94	-1.11
697.85	-1.09
704.83	-1.07
711.87	-1.05
718.99	-1.03
726.18	-1.01
733.44	-0.99
740.78	-0.96
748.19	-0.94
755.67	-0.92
763.23	-0.9
770.86	-0.88
778.57	-0.86
786.35	-0.84
794.22	-0.82
802.16	-0.79
810.18	-0.76
818.28	-0.72
826.46	-0.69
834.73	-0.65
843.08	-0.62
851.51	-0.58
860.02	-0.54
868.62	-0.51
877.31	-0.47
886.08	-0.44
894.94	-0.4
903.89	-0.37
912.93	-0.33
922.06	-0.29
931.28	-0.26
940.59	-0.22
950	-0.19
959.5	-0.15
969.09	-0.12
978.78	-0.08
988.57	-0.04
998.46	-0.01
1008.44	0.05
1018.53	0.11
1028.71	0.17
1039	0.24
1049.39	0.3
1059.88	0.36
1070.48	0.42
1081.19	0.49
1092	0.55
1102.92	0.61
1113.95	0.67
1125.09	0.74
1136.34	0.8
1147.7	0.86
1159.18	0.92
1170.77	0.99
1182.48	1.05
1194.3	1.11
1206.25	1.17
1218.31	1.24
1230.49	1.3
1242.8	1.36
1255.22	1.43
1267.78	1.52
1280.45	1.61
1293.26	1.7
1306.19	1.79
1319.25	1.88
1332.45	1.97
1345.77	2.05
1359.23	2.14
1372.82	2.23
1386.55	2.32
1400.41	2.41
1414.42	2.5
1428.56	2.59
1442.85	2.68
1457.28	2.76
1471.85	2.85
1486.57	2.94
1501.43	3.03
1516.45	3.12
1531.61	3.21
1546.93	3.3
1562.4	3.38
1578.02	3.47
1593.8	3.56
1609.74	3.69
1625.84	3.83
1642.1	3.98
1658.52	4.13
1675.1	4.27
1691.85	4.42
1708.77	4.57
1725.86	4.72
1743.12	4.86
1760.55	5.01
1778.15	5.16
1795.94	5.3
1813.9	5.45
1832.03	5.6
1850.36	5.75
1868.86	5.89
1887.55	6.04
1906.42	6.19
1925.49	6.33
1944.74	6.48
1964.19	6.63
1983.83	6.78
2003.67	6.93
2023.71	7.12
2043.94	7.32
2064.38	7.51
2085.03	7.7
2105.88	7.89
2126.94	8.08
2148.2	8.27
2169.69	8.47
2191.38	8.66
2213.3	8.85
2235.43	9.04
2257.78	9.23
2280.36	9.42
2303.17	9.62
2326.2	9.81
2349.46	10
2372.95	10.19
2396.68	10.38
2420.65	10.57
2444.86	10.77
2469.31	10.96
2494	11.15
2518.94	11.21
2544.13	11.23
2569.57	11.24
2595.27	11.26
2621.22	11.28
2647.43	11.3
2673.9	11.31
2700.64	11.33
2727.65	11.35
2754.93	11.36
2782.48	11.38
2810.3	11.4
2838.4	11.42
2866.79	11.43
2895.46	11.45
2924.41	11.47
2953.65	11.49
2983.19	11.5
3013.02	11.52
3043.15	11.54
3073.58	11.55
3104.32	11.57
3135.36	11.59
3166.72	11.53
3198.38	11.42
3230.37	11.3
3262.67	11.18
3295.3	11.07
3328.25	10.95
3361.53	10.83
3395.15	10.72
3429.1	10.6
3463.39	10.48
3498.03	10.37
3533.01	10.25
3568.34	10.13
3604.02	10.02
3640.06	9.9
3676.46	9.79
3713.22	9.67
3750.36	9.55
3787.86	9.44
3825.74	9.32
3864	9.2
3902.64	9.09
3941.66	8.97
3981.08	8.85
4020.89	8.74
4061.1	8.64
4101.71	8.54
4142.73	8.44
4184.15	8.33
4226	8.23
4268.26	8.13
4310.94	8.02
4354.05	7.92
4397.59	7.82
4441.56	7.72
4485.98	7.61
4530.84	7.51
4576.15	7.41
4621.91	7.31
4668.13	7.2
4714.81	7.1
4761.96	7
4809.58	6.9
4857.67	6.79
4906.25	6.69
4955.31	6.59
5004.87	6.49
5054.91	6.44
5105.46	6.39
5156.52	6.34
5208.08	6.28
5260.16	6.23
5312.77	6.18
5365.89	6.13
5419.55	6.08
5473.75	6.03
5528.49	5.97
5583.77	5.92
5639.61	5.87
5696	5.82
5752.96	5.77
5810.49	5.72
5868.6	5.66
5927.28	5.61
5986.56	5.56
6046.42	5.51
6106.89	5.46
6167.96	5.41
6229.64	5.35
6291.93	5.3
6354.85	5.3
6418.4	5.3
6482.58	5.31
6547.41	5.31
6612.88	5.32
6679.01	5.32
6745.8	5.33
6813.26	5.33
6881.39	5.33
6950.21	5.34
7019.71	5.34
7089.91	5.35
7160.81	5.35
7232.41	5.35
7304.74	5.36
7377.79	5.36
7451.56	5.37
7526.08	5.37
7601.34	5.38
7677.35	5.38
7754.13	5.38
7831.67	5.39
7909.98	5.39
7989.08	5.4
8068.98	5.29
8149.67	5.17
8231.16	5.05
8313.47	4.93
8396.61	4.81
8480.57	4.69
8565.38	4.57
8651.03	4.45
8737.54	4.33
8824.92	4.21
8913.17	4.09
9002.3	3.97
9092.32	3.85
9183.25	3.73
9275.08	3.61
9367.83	3.49
9461.51	3.37
9556.12	3.25
9651.68	3.13
9748.2	3.01
9845.68	2.88
9944.14	2.76
10043.58	2.64
10144.02	2.5
10245.46	2.37
10347.91	2.24
10451.39	2.1
10555.91	1.97
10661.46	1.84
10768.08	1.7
10875.76	1.57
10984.52	1.43
11094.36	1.3
11205.31	1.17
11317.36	1.03
11430.53	0.9
11544.84	0.77
11660.29	0.63
11776.89	0.5
11894.66	0.36
12013.6	0.23
12133.74	0.1
12255.08	-0.04
12377.63	-0.17
12501.41	-0.3
12626.42	-0.43
12752.68	-0.55
12880.21	-0.68
13009.01	-0.8
13139.1	-0.93
13270.49	-1.05
13403.2	-1.18
13537.23	-1.3
13672.6	-1.43
13809.33	-1.55
13947.42	-1.68
14086.9	-1.8
14227.77	-1.93
14370.04	-2.05
14513.74	-2.18
14658.88	-2.3
14805.47	-2.43
14953.52	-2.55
15103.06	-2.68
15254.09	-2.8
15406.63	-2.93
15560.7	-3.05
15716.3	-3.18
15873.47	-3.3
16032.2	-3.44
16192.52	-3.59
16354.45	-3.75
16517.99	-3.91
16683.17	-4.07
16850.01	-4.22
17018.51	-4.38
17188.69	-4.54
17360.58	-4.7
17534.18	-4.86
17709.53	-5.01
17886.62	-5.17
18065.49	-5.33
18246.14	-5.49
18428.6	-5.65
18612.89	-5.8
18799.02	-5.96
18987.01	-6.12
19176.88	-6.28
19368.65	-6.43
19562.33	-6.59
19757.96	-6.75
19955.54	-6.91