20.000000, 9.782
20.299999, 9.781
20.600000, 9.779
20.900000, 9.777
21.200001, 9.776
21.400000, 9.774
21.799999, 9.771
22.000000, 9.770
22.400000, 9.766
22.700001, 9.764
23.000000, 9.761
23.299999, 9.758
23.600000, 9.754
24.000000, 9.750
24.299999, 9.746
24.700001, 9.741
25.000000, 9.737
25.400000, 9.731
25.799999, 9.724
26.200001, 9.718
26.500000, 9.713
26.900000, 9.705
27.200001, 9.700
27.600000, 9.692
28.000000, 9.683
28.500000, 9.672
29.000000, 9.661
29.500000, 9.648
30.000000, 9.636
30.400000, 9.625
30.700001, 9.616
31.100000, 9.604
31.500000, 9.592
32.000000, 9.577
32.500000, 9.560
33.000000, 9.543
33.500000, 9.524
34.000000, 9.506
34.500000, 9.486
35.000000, 9.465
35.500000, 9.444
36.000000, 9.422
36.500000, 9.399
37.000000, 9.375
37.500000, 9.350
38.200001, 9.314
38.700001, 9.287
39.500000, 9.242
40.000000, 9.213
40.599998, 9.177
41.200001, 9.140
41.799999, 9.101
42.500000, 9.055
43.099998, 9.013
43.700001, 8.971
44.400002, 8.919
45.000000, 8.874
45.500000, 8.836
46.200001, 8.780
46.799999, 8.731
47.500000, 8.673
48.200001, 8.613
48.700001, 8.569
49.400002, 8.506
50.000000, 8.452
50.799999, 8.377
51.500000, 8.310
52.200001, 8.242
53.000000, 8.163
53.799999, 8.082
54.500000, 8.010
55.200001, 7.937
56.000000, 7.852
57.000000, 7.745
58.000000, 7.636
59.000000, 7.525
60.000000, 7.413
60.799999, 7.322
61.500000, 7.242
62.200001, 7.162
63.000000, 7.070
64.000000, 6.954
65.000000, 6.837
66.000000, 6.721
67.000000, 6.604
68.000000, 6.487
69.000000, 6.370
70.000000, 6.253
71.000000, 6.137
72.000000, 6.021
73.000000, 5.906
74.000000, 5.792
75.000000, 5.678
76.199997, 5.543
77.500000, 5.399
78.800003, 5.257
80.000000, 5.127
81.199997, 5.000
82.500000, 4.864
83.800003, 4.731
85.000000, 4.610
86.199997, 4.492
87.500000, 4.366
88.500000, 4.272
90.000000, 4.133
91.199997, 4.025
92.500000, 3.911
93.800003, 3.800
95.000000, 3.700
96.199997, 3.603
97.500000, 3.500
98.800003, 3.401
100.000000, 3.311
101.500000, 3.203
103.000000, 3.099
104.400002, 3.005
106.000000, 2.901
107.500000, 2.808
109.000000, 2.719
110.599998, 2.627
112.000000, 2.550
113.800003, 2.455
115.000000, 2.394
117.199997, 2.288
118.000000, 2.251
120.599998, 2.136
122.000000, 2.078
124.099998, 1.994
125.000000, 1.960
126.500000, 1.906
128.000000, 1.853
131.500000, 1.740
132.000000, 1.724
134.000000, 1.666
136.000000, 1.611
138.000000, 1.559
140.000000, 1.510
143.000000, 1.443
145.000000, 1.401
147.500000, 1.353
150.000000, 1.309
152.500000, 1.268
155.000000, 1.231
157.500000, 1.197
160.000000, 1.165
162.500000, 1.137
165.000000, 1.111
167.500000, 1.087
170.000000, 1.065
172.500000, 1.046
175.000000, 1.028
177.500000, 1.012
180.000000, 0.998
182.500000, 0.986
185.000000, 0.974
187.500000, 0.964
190.000000, 0.956
192.500000, 0.948
195.000000, 0.942
197.500000, 0.936
200.000000, 0.932
203.000000, 0.928
206.000000, 0.924
209.000000, 0.922
212.000000, 0.922
214.000000, 0.921
218.000000, 0.922
220.000000, 0.923
224.000000, 0.926
227.000000, 0.930
230.000000, 0.933
233.000000, 0.938
236.000000, 0.942
240.000000, 0.950
243.000000, 0.956
247.000000, 0.964
250.000000, 0.971
254.000000, 0.981
258.000000, 0.992
262.000000, 1.003
265.000000, 1.012
269.000000, 1.023
272.000000, 1.033
276.000000, 1.045
280.000000, 1.058
285.000000, 1.075
290.000000, 1.092
295.000000, 1.109
300.000000, 1.127
304.000000, 1.142
307.000000, 1.153
311.000000, 1.168
315.000000, 1.183
320.000000, 1.202
325.000000, 1.221
330.000000, 1.240
335.000000, 1.260
340.000000, 1.280
345.000000, 1.300
350.000000, 1.320
355.000000, 1.340
360.000000, 1.361
365.000000, 1.382
370.000000, 1.403
375.000000, 1.424
382.000000, 1.454
387.000000, 1.476
395.000000, 1.512
400.000000, 1.534
406.000000, 1.562
412.000000, 1.590
418.000000, 1.618
425.000000, 1.651
431.000000, 1.679
437.000000, 1.708
444.000000, 1.742
450.000000, 1.772
455.000000, 1.796
462.000000, 1.831
468.000000, 1.861
475.000000, 1.896
482.000000, 1.930
487.000000, 1.955
494.000000, 1.990
500.000000, 2.020
508.000000, 2.060
515.000000, 2.094
522.000000, 2.128
530.000000, 2.167
538.000000, 2.206
545.000000, 2.239
552.000000, 2.271
560.000000, 2.308
570.000000, 2.354
580.000000, 2.398
590.000000, 2.441
600.000000, 2.482
608.000000, 2.515
615.000000, 2.542
622.000000, 2.569
630.000000, 2.599
640.000000, 2.636
650.000000, 2.671
660.000000, 2.705
670.000000, 2.737
680.000000, 2.769
690.000000, 2.799
700.000000, 2.828
710.000000, 2.856
720.000000, 2.883
730.000000, 2.909
740.000000, 2.934
750.000000, 2.958
762.000000, 2.986
775.000000, 3.016
788.000000, 3.044
800.000000, 3.070
812.000000, 3.096
825.000000, 3.123
838.000000, 3.151
850.000000, 3.176
862.000000, 3.203
875.000000, 3.231
885.000000, 3.254
900.000000, 3.290
912.000000, 3.319
925.000000, 3.352
938.000000, 3.387
950.000000, 3.420
962.000000, 3.455
975.000000, 3.495
988.000000, 3.536
1000.000000, 3.576
1015.000000, 3.627
1030.000000, 3.681
1044.000000, 3.733
1060.000000, 3.795
1075.000000, 3.854
1090.000000, 3.915
1106.000000, 3.982
1120.000000, 4.042
1138.000000, 4.120
1150.000000, 4.173
1172.000000, 4.271
1180.000000, 4.307
1206.000000, 4.426
1220.000000, 4.490
1241.000000, 4.587
1250.000000, 4.629
1265.000000, 4.699
1280.000000, 4.769
1315.000000, 4.932
1320.000000, 4.956
1340.000000, 5.050
1360.000000, 5.144
1380.000000, 5.238
1400.000000, 5.333
1430.000000, 5.475
1450.000000, 5.571
1475.000000, 5.691
1500.000000, 5.812
1525.000000, 5.934
1550.000000, 6.058
1575.000000, 6.183
1600.000000, 6.310
1625.000000, 6.439
1650.000000, 6.571
1675.000000, 6.705
1700.000000, 6.842
1725.000000, 6.983
1750.000000, 7.127
1775.000000, 7.274
1800.000000, 7.426
1825.000000, 7.582
1850.000000, 7.741
1875.000000, 7.905
1900.000000, 8.073
1925.000000, 8.245
1950.000000, 8.420
1975.000000, 8.598
2000.000000, 8.779
2030.000000, 8.998
2060.000000, 9.219
2090.000000, 9.441
2120.000000, 9.662
2140.000000, 9.809
2180.000000, 10.098
2200.000000, 10.240
2240.000000, 10.518
2270.000000, 10.720
2300.000000, 10.915
2330.000000, 11.103
2360.000000, 11.284
2400.000000, 11.513
2430.000000, 11.676
2470.000000, 11.879
2500.000000, 12.022
2540.000000, 12.199
2580.000000, 12.361
2620.000000, 12.508
2650.000000, 12.609
2690.000000, 12.729
2720.000000, 12.810
2760.000000, 12.904
2800.000000, 12.983
2850.000000, 13.060
2900.000000, 13.114
2950.000000, 13.145
3000.000000, 13.153
3040.000000, 13.143
3070.000000, 13.127
3110.000000, 13.093
3150.000000, 13.047
3200.000000, 12.973
3250.000000, 12.882
3300.000000, 12.776
3350.000000, 12.657
3400.000000, 12.527
3450.000000, 12.387
3500.000000, 12.239
3550.000000, 12.085
3600.000000, 11.926
3650.000000, 11.764
3700.000000, 11.599
3750.000000, 11.433
3820.000000, 11.199
3870.000000, 11.033
3950.000000, 10.770
4000.000000, 10.608
4060.000000, 10.416
4120.000000, 10.229
4180.000000, 10.046
4250.000000, 9.839
4310.000000, 9.668
4370.000000, 9.501
4440.000000, 9.315
4500.000000, 9.162
4550.000000, 9.039
4620.000000, 8.874
4680.000000, 8.739
4750.000000, 8.589
4820.000000, 8.447
4870.000000, 8.351
4940.000000, 8.224
5000.000000, 8.120
5080.000000, 7.991
5150.000000, 7.886
5220.000000, 7.788
5300.000000, 7.685
5380.000000, 7.589
5450.000000, 7.512
5520.000000, 7.441
5600.000000, 7.367
5700.000000, 7.284
5800.000000, 7.210
5900.000000, 7.147
6000.000000, 7.092
6080.000000, 7.055
6150.000000, 7.027
6220.000000, 7.003
6300.000000, 6.980
6400.000000, 6.958
6500.000000, 6.942
6600.000000, 6.933
6700.000000, 6.928
6800.000000, 6.928
6900.000000, 6.932
7000.000000, 6.938
7100.000000, 6.945
7200.000000, 6.951
7300.000000, 6.956
7400.000000, 6.956
7500.000000, 6.950
7620.000000, 6.932
7750.000000, 6.894
7880.000000, 6.835
8000.000000, 6.758
8120.000000, 6.659
8250.000000, 6.530
8380.000000, 6.380
8500.000000, 6.225
8620.000000, 6.059
8750.000000, 5.869
8850.000000, 5.719
9000.000000, 5.488
9120.000000, 5.301
9250.000000, 5.097
9380.000000, 4.892
9500.000000, 4.704
9620.000000, 4.515
9750.000000, 4.312
9880.000000, 4.109
10000.000000, 3.923
10150.000000, 3.692
10300.000000, 3.463
10440.000000, 3.252
10600.000000, 3.013
10750.000000, 2.793
10900.000000, 2.578
11060.000000, 2.353
11200.000000, 2.162
11380.000000, 1.924
11500.000000, 1.771
11720.000000, 1.503
11800.000000, 1.410
12060.000000, 1.122
12200.000000, 0.976
12410.000000, 0.772
12500.000000, 0.689
12650.000000, 0.557
12800.000000, 0.433
13150.000000, 0.164
13200.000000, 0.128
13400.000000, -0.012
13600.000000, -0.145
13800.000000, -0.273
14000.000000, -0.397
14300.000000, -0.580
14500.000000, -0.701
14750.000000, -0.852
15000.000000, -1.006
15250.000000, -1.163
15500.000000, -1.323
15750.000000, -1.488
16000.000000, -1.658
16250.000000, -1.833
16500.000000, -2.013
16750.000000, -2.197
17000.000000, -2.384
17250.000000, -2.575
17500.000000, -2.766
17750.000000, -2.957
18000.000000, -3.145
18250.000000, -3.328
18500.000000, -3.510
18750.000000, -3.707
19000.000000, -3.950
19250.000000, -4.275
19500.000000, -4.695
19750.000000, -5.172
20000.000000, -5.616