20	6.008	0
20.2909067	6.007030308	0
20.58604473	6.004139552	0
20.88547565	6.002096829	0
21.18926189	6.001035797	0
21.4974668	6.000512665	0
21.81015465	5.998949222	0
22.12739066	5.997363047	0
22.44924097	5.995671728	0
22.7757727	5.993242281	0
23.10705394	5.989929457	0
23.44315378	5.986091276	0
23.7841423	5.981698221	0
24.13009062	5.977265453	0
24.48107087	5.972283936	0
24.83715624	5.966714072	0
25.198421	5.960527633	0
25.56494047	5.954113535	0
25.93679109	5.94760615	0
26.31405041	5.940719004	0
26.69679708	5.933064058	0
27.08511094	5.924680759	0
27.47907295	5.915720865	0
27.87876527	5.906727781	0
28.28427125	5.89717749	0
28.69567545	5.887303789	0
29.11306366	5.877286472	0
29.53652292	5.867050404	0
29.96614154	5.85588032	0
30.4020091	5.843946424	0
30.84421651	5.832034064	0
31.29285597	5.819214321	0
31.74802104	5.806055411	0
32.20980664	5.792705801	0
32.67830906	5.778650728	0
33.15362602	5.76439122	0
33.63585661	5.749924302	0
34.12510141	5.734996755	0
34.62146244	5.719356127	0
35.12504321	5.703998617	0
35.63594873	5.687649641	0
36.15428554	5.671371434	0
36.68016173	5.655234825	0
37.21368697	5.638589391	0
37.75497251	5.62198659	0
38.30413123	5.604876093	0
38.86127765	5.588161695	0
39.42652795	5.571204164	0
40	5.555	0
40.5818134	5.538515232	0
41.17208947	5.521790823	0
41.7709513	5.505774608	0
42.37852377	5.488470744	0
42.9949336	5.472626619	0
43.62030931	5.456125101	0
44.25478132	5.440526783	0
44.89848193	5.42453796	0
45.55154539	5.407748185	0
46.21410787	5.391670838	0
46.88630755	5.375903938	0
47.5682846	5.359536761	0
48.26018123	5.344555674	0
48.96214173	5.328382707	0
49.67431248	5.313056586	0
50.396842	5.297071044	0
51.12988094	5.281402371	0
51.87358219	5.265994679	0
52.62810081	5.249902868	0
53.39359417	5.234128107	0
54.17022188	5.218066664	0
54.9581459	5.201837095	0
55.75753054	5.185849395	0
56.56854249	5.169060608	0
57.39135089	5.152172982	0
58.22612731	5.135477454	0
59.07304584	5.118539083	0
59.93228308	5.101354338	0
60.80401821	5.083919616	0
61.68843302	5.066231345	0
62.58571194	5.048285772	0
63.49604208	5.030079158	0
64.41961328	5.012027348	0
65.35661813	4.993867637	0
66.30725203	4.974854959	0
67.27171322	4.955565736	0
68.25020282	4.936246146	0
69.24292488	4.917141502	0
70.25008641	4.896998272	0
71.27189745	4.876833948	0
72.30857107	4.856828579	0
73.36032346	4.836153854	0
74.42737393	4.815452521	0
75.50994501	4.794226029	0
76.60826246	4.773462809	0
77.72255529	4.7527201	0
78.85305589	4.731027361	0
80	4.71	0
81.1636268	4.688666789	0
82.34417893	4.66687669	0
83.54190259	4.645566381	0
84.75704755	4.624251679	0
85.98986719	4.602677281	0
87.24061861	4.580589045	0
88.50956263	4.558840623	0
89.79696386	4.537383936	0
91.10309078	4.515615108	0
92.42821575	4.493214808	0
93.77261511	4.471442419	0
95.1365692	4.448723841	0
96.52036246	4.425824878	0
97.92428346	4.402819835	0
99.34862497	4.379313464	0
100.793684	4.355771933	0
102.2597619	4.33184381	0
103.7471644	4.308258862	0
105.2562016	4.284086739	0
106.7871883	4.259404987	0
108.3404438	4.235113196	0
109.9162918	4.210682923	0
111.5150611	4.185620458	0
113.137085	4.160943754	0
114.7827018	4.136259481	0
116.4522546	4.111216151	0
118.1460917	4.085864812	0
119.8645662	4.060748628	0
121.6080364	4.035599472	0
123.376866	4.011641769	0
125.1714239	3.987714348	0
126.9920842	3.963438878	0
128.8392266	3.939689502	0
130.7132363	3.916665955	0
132.6145041	3.893933203	0
134.5434264	3.872022309	0
136.5004056	3.850745741	0
138.4858498	3.830141502	0
140.5001728	3.810498445	0
142.5437949	3.792105846	0
144.6171421	3.773445721	0
146.7206469	3.756234825	0
148.8547479	3.739703916	0
151.01989	3.724064748	0
153.2165249	3.709414241	0
155.4451106	3.695507381	0
157.7061118	3.682845774	0
160	3.67	0
162.3272536	3.657898281	0
164.6883579	3.644745196	0
167.0838052	3.631330691	0
169.5140951	3.617721067	0
171.9797344	3.603121594	0
174.4812372	3.588112577	0
177.0191253	3.571269948	0
179.5939277	3.55292372	0
182.2061816	3.53323302	0
184.8564315	3.512148548	0
187.5452302	3.489601974	0
190.2731384	3.465596382	0
193.0407249	3.441025331	0
195.8485669	3.415532611	0
198.6972499	3.390464201	0
201.587368	3.365242811	0
204.5195238	3.339830794	0
207.4943287	3.31504537	0
210.5124033	3.291404908	0
213.5743767	3.268192175	0
216.6808875	3.246233787	0
219.8325836	3.225088207	0
223.0301222	3.205061737	0
226.27417	3.186113037	0
229.5654036	3.169172982	0
232.9045093	3.152477454	0
236.2921834	3.136758221	0
239.7291323	3.122151188	0
243.2160728	3.108243745	0
246.7537321	3.095861938	0
250.3428477	3.083885745	0
253.9841683	3.072051453	0
257.6784531	3.060045027	0
261.4264725	3.049577201	0
265.2290081	3.03842748	0
269.0868529	3.028768392	0
273.0008113	3.018247769	0
276.9716995	3.007813676	0
281.0003457	2.99859917	0
285.0875898	2.988789784	0
289.2342843	2.978837718	0
293.4412938	2.969429154	0
297.7094957	2.960581009	0
302.0397801	2.951410495	0
306.4330498	2.9421339	0
310.8902212	2.934192113	0
315.4122236	2.925257998	0
320	2.917	0
324.6545072	2.909552789	0
329.3767157	2.901121912	0
334.1676104	2.893331823	0
339.0281902	2.886360534	0
343.9594688	2.87866485	0
348.9624745	2.871452536	0
354.0382505	2.865154099	0
359.1878555	2.858137002	0
364.4123631	2.850822692	0
369.712863	2.843401992	0
375.0904604	2.836870771	0
380.5462768	2.829076747	0
386.0814499	2.82128597	0
391.6971339	2.812367157	0
397.3944999	2.8031688	0
403.174736	2.793708773	0
409.0390475	2.783428413	0
414.9886575	2.772520795	0
421.0248065	2.760950387	0
427.1487533	2.748702493	0
433.361775	2.735882821	0
439.6651672	2.721908189	0
446.0602443	2.707879511	0
452.54834	2.694393652	0
459.1308071	2.68014827	0
465.8090185	2.665747127	0
472.5843667	2.651176357	0
479.4582646	2.636446576	0
486.4321456	2.62036285	0
493.5074641	2.604125796	0
500.6856955	2.587371473	0
507.9683366	2.570075201	0
515.3569062	2.553133228	0
522.852945	2.534974256	0
530.4580162	2.516912211	0
538.1737058	2.498602958	0
546.0016226	2.480710577	0
553.943399	2.462627352	0
562.0006913	2.44439841	0
570.1751796	2.425632123	0
578.4685686	2.408216006	0
586.8825877	2.390546566	0
595.4189915	2.372620118	0
604.0795601	2.35484088	0
612.8660996	2.336572644	0
621.7804423	2.318439115	0
630.8244471	2.299268661	0
640	2.28	0
649.3090144	2.26045107	0
658.7534315	2.239742451	0
668.3352208	2.218662514	0
678.0563804	2.196470325	0
687.9189375	2.173786444	0
697.9249489	2.150772618	0
708.076501	2.127424048	0
718.3757109	2.104573436	0
728.8247262	2.081585602	0
739.425726	2.060148548	0
750.1809208	2.040683389	0
761.0925536	2.021588031	0
772.1628997	2.005146531	0
783.3942677	1.990668594	0
794.7889997	1.97877675	0
806.3494719	1.969237896	0
818.0780951	1.962194725	0
829.977315	1.958234259	0
842.049613	1.957337468	0
854.2975067	1.959432502	0
866.72355	1.96454345	0
879.3303344	1.972031234	0
892.1204886	1.98217109	0
905.0966799	1.99409668	0
918.2616143	2.00822494	0
931.618037	2.025163436	0
945.1687334	2.045947889	0
958.9165292	2.069603926	0
972.8642913	2.097564297	0
987.0149283	2.129726758	0
1001.371391	2.166931321	0
1015.936673	2.20893491	0
1030.713812	2.255345384	0
1045.70589	2.304863997	0
1060.916032	2.35711451	0
1076.347412	2.409401544	0
1092.003245	2.460260141	0
1107.886798	2.509390852	0
1124.001383	2.554225756	0
1140.350359	2.595288308	0
1156.937137	2.631504923	0
1173.765175	2.666530351	0
1190.837983	2.698591738	0
1208.15912	2.730009795	0
1225.732199	2.763191437	0
1243.560885	2.798406312	0
1261.648894	2.836850974	0
1280	2.878	0
1298.618029	2.924811044	0
1317.506863	2.972517844	0
1336.670442	3.024843714	0
1356.112761	3.079921368	0
1375.837875	3.137721732	0
1395.849898	3.198342188	0
1416.153002	3.26161274	0
1436.751422	3.32660455	0
1457.649452	3.394090204	0
1478.851452	3.464094937	0
1500.361842	3.537273683	0
1522.185107	3.614091577	0
1544.325799	3.69434591	0
1566.788535	3.778124893	0
1589.577999	3.864979518	0
1612.698944	3.955287818	0
1636.15619	4.049071008	0
1659.95463	4.146809446	0
1684.099226	4.248944687	0
1708.595013	4.355161859	0
1733.4471	4.467194544	0
1758.660669	4.585917637	0
1784.240977	4.711204886	0
1810.19336	4.843005471	0
1836.523229	4.981764505	0
1863.236074	5.127063129	0
1890.337467	5.27973031	0
1917.833058	5.440571706	0
1945.728583	5.607371496	0
1974.029857	5.78198511	0
2002.742782	5.963736657	0
2031.873347	6.152488977	0
2061.427625	6.349707849	0
2091.41178	6.553788342	0
2121.832065	6.764824455	0
2152.694823	6.981815873	0
2184.00649	7.203245756	0
2215.773596	7.426415173	0
2248.002765	7.650685563	0
2280.700718	7.871981432	0
2313.874274	8.089720307	0
2347.530351	8.302688174	0
2381.675966	8.507888198	0
2416.31824	8.706294264	0
2451.464399	8.893078263	0
2487.121769	9.071184493	0
2523.297789	9.236092714	0
2560	9.391	0
2597.236057	9.53491161	0
2635.013726	9.667545295	0
2673.340883	9.786439127	0
2712.225522	9.894527207	0
2751.67575	9.986270438	0
2791.699796	10.06364462	0
2832.306004	10.12293617	0
2873.502844	10.16721245	0
2915.298905	10.19581358	0
2957.702904	10.20853783	0
3000.723683	10.20567434	0
3044.370214	10.18479518	0
3088.651599	10.14688211	0
3133.577071	10.09493923	0
3179.155999	10.0273504	0
3225.397888	9.945236056	0
3272.31238	9.848020268	0
3319.90926	9.735828665	0
3368.198452	9.609772272	0
3417.190027	9.470773721	0
3466.8942	9.319276443	0
3517.321337	9.15649316	0
3568.481954	8.984052438	0
3620.38672	8.802423278	0
3673.046457	8.613110896	0
3726.472148	8.415994166	0
3780.674934	8.211435252	0
3835.666117	8.002155434	0
3891.457165	7.789194558	0
3948.059713	7.573397344	0
4005.485564	7.356611987	0
4063.746693	7.14044946	0
4122.85525	6.927006626	0
4182.82356	6.717722588	0
4243.66413	6.517817859	0
4305.389646	6.326215258	0
4368.012981	6.146663005	0
4431.547192	5.981856545	0
4496.005531	5.83118728	0
4561.401437	5.695011515	0
4627.748549	5.568052613	0
4695.060701	5.447105891	0
4763.351932	5.324585039	0
4832.636481	5.196737957	0
4902.928797	5.058671994	0
4974.243539	4.912659294	0
5046.595577	4.759401954	0
5120	4.602285714	0
5194.472115	4.445243875	0
5270.027452	4.29069441	0
5346.681766	4.140721122	0
5424.451043	3.996353107	0
5503.3515	3.859302449	0
5583.399591	3.731145644	0
5664.612008	3.612604828	0
5747.005687	3.503712948	0
5830.59781	3.405566321	0
5915.405808	3.318442889	0
6001.447367	3.242986843	0
6088.740429	3.183005469	0
6177.303198	3.13629863	0
6267.154142	3.104443184	0
6358.311998	3.08800256	0
6450.795775	3.085539789	0
6544.624761	3.097817447	0
6639.81852	3.124732852	0
6736.396904	3.164834483	0
6834.380053	3.216284231	0
6933.7884	3.27696246	0
7034.642675	3.344249872	0
7136.963909	3.415505097	0
7240.773439	3.485502736	0
7346.092914	3.551194819	0
7452.944296	3.608942705	0
7561.349867	3.653983702	0
7671.332234	3.68329213	0
7782.91433	3.694734064	0
7896.119426	3.686701486	0
8010.971128	3.653514436	0
8127.493386	3.59335114	0
8245.7105	3.504233623	0
8365.647121	3.380904913	0
8487.32826	3.226473262	0
8610.779292	3.036445776	0
8736.025961	2.811368255	0
8863.094385	2.554192354	0
8992.011061	2.270575666	0
9122.802874	1.968380906	0
9255.497097	1.655187535	0
9390.121402	1.342058155	0
9526.703863	1.035364162	0
9665.272962	0.741712809	0
9805.857594	0.464589266	0
9948.487077	0.21071342	0
10093.19115	-0.012059085	0
10240	-0.2078	0
10388.94423	-0.387827128	0
10540.0549	-0.584950149	0
10693.36353	-0.841278593	0
10848.90209	-1.19557391	0
11006.703	-1.654112409	0
11166.79918	-2.178302964	0
11329.22402	-2.709978055	0
11494.01137	-3.195181944	0
11661.19562	-3.557837875	0
11830.81162	-3.839811616	0
12002.89473	-4.011894734	0
12177.48086	-4.121027237	0
12354.6064	-4.133944884	0
12534.30828	-4.099047965	0
12716.624	-4.014246402	0
12901.59155	-3.895595653	0
13089.24952	-3.763698908	0
13279.63704	-3.636421406	0
13472.79381	-3.537158198	0
13668.76011	-3.482029785	0
13867.5768	-3.443402728	0
14069.28535	-3.346338404	0
14273.92782	-3.173074448	0
14481.54688	-2.941313355	0
14692.18583	-2.746264011	0
14905.88859	-2.638503661	0
15122.69973	-2.619723968	0
15342.66447	-2.67503105	0
15565.82866	-2.788290119	0
15792.23885	-2.956056164	0
16021.94226	-3.186524932	0
16254.98677	-3.491058624	0
16491.421	-3.873136335	0
16731.29424	-4.317207289	0
16974.65652	-4.807603422	0
17221.55858	-5.336680308	0
17472.05192	-5.906054798	0
17726.18877	-6.527329128	0
17984.02212	-7.218795818	0
18245.60575	-7.999799666	0
18510.99419	-8.893162263	0
18780.2428	-9.913447154	0
19053.40773	-11.07366638	0
19330.54592	-12.44778958	0
19611.71519	-14.21332761	0
19896.97415	-16.07173541	0
20186.38231	-16.68	0
